77
1502
0
1
467
0
2
344
0
4
59
0
6
17
0
7
789
0
8
504
0
9
982
0
10
854
0
11
729
0
12
963
0
15
200
0
17
16
0
19
965
0
20
542
0
21
327
0
23
65
0
24
408
0
25
576
0
27
806
0
29
152
0
31
848
0
32
727
0
33
512
0
34
2
0
36
816
0
38
694
0
42
855
0
46
956
0
47
56
0
48
663
0
49
364
0
55
200
0
58
981
0
61
71
0
62
991
0
64
63
0
67
683
0
68
162
0
69
256
0
70
190
0
71
288
0
73
661
0
75
295
0
76
739
1
2
474
1
3
547
1
4
586
1
8
298
1
9
508
1
11
265
1
13
997
1
14
899
1
15
501
1
16
590
1
18
879
1
19
94
1
20
241
1
22
917
1
25
58
1
30
666
1
31
365
1
34
166
1
35
691
1
38
10
1
39
837
1
40
796
1
41
539
1
42
578
1
43
600
1
47
759
1
48
445
1
49
816
1
53
646
1
55
493
1
58
217
1
60
270
1
61
929
1
62
164
1
63
520
1
64
967
1
66
514
1
68
820
1
69
609
1
71
336
1
73
229
1
74
795
2
3
52
2
5
129
2
6
223
2
8
104
2
10
477
2
11
116
2
12
679
2
13
572
2
15
602
2
16
325
2
17
107
2
19
422
2
20
112
2
26
602
2
28
917
2
31
518
2
32
460
2
35
118
2
39
686
2
40
708
2
42
502
2
43
656
2
46
376
2
47
746
2
48
802
2
50
177
2
51
770
2
52
95
2
54
266
2
56
14
2
58
104
2
60
477
2
61
886
2
64
195
2
66
530
2
70
374
2
73
782
2
74
945
2
75
590
3
5
154
3
6
97
3
10
568
3
11
176
3
13
452
3
14
87
3
15
129
3
18
704
3
20
647
3
21
636
3
22
581
3
23
365
3
24
994
3
25
189
3
27
506
3
28
25
3
29
323
3
30
760
3
31
440
3
32
237
3
35
11
3
36
863
3
38
206
3
39
199
3
44
454
3
45
894
3
46
483
3
47
8
3
50
607
3
52
382
3
53
658
3
57
923
3
60
473
3
62
64
3
69
108
3
72
275
3
73
528
3
74
341
4
5
12
4
8
500
4
9
337
4
10
894
4
12
104
4
13
885
4
15
32
4
17
824
4
18
148
4
21
548
4
22
145
4
24
306
4
25
675
4
26
346
4
28
857
4
29
498
4
31
976
4
32
745
4
33
221
4
35
172
4
37
593
4
38
51
4
39
587
4
40
420
4
41
710
4
42
893
4
43
0
4
44
207
4
48
881
4
51
108
4
54
817
4
56
493
4
57
62
4
58
694
4
59
694
4
60
274
4
61
756
4
63
829
4
64
636
4
66
149
4
74
469
4
75
471
5
6
674
5
7
240
5
8
675
5
9
377
5
13
983
5
14
73
5
17
715
5
19
598
5
21
26
5
23
472
5
24
766
5
25
362
5
27
929
5
30
546
5
32
885
5
34
180
5
39
422
5
42
653
5
43
534
5
45
763
5
46
855
5
49
894
5
52
645
5
53
448
5
54
341
5
56
704
5
57
948
5
59
21
5
60
688
5
62
181
5
65
77
5
66
92
5
71
592
5
74
713
5
76
639
6
10
691
6
11
343
6
12
157
6
14
0
6
15
382
6
19
333
6
26
130
6
32
650
6
36
422
6
38
780
6
39
142
6
41
689
6
44
625
6
46
645
6
49
884
6
51
587
6
52
337
6
55
242
6
56
399
6
57
617
6
58
9
6
59
46
6
60
463
6
61
798
6
63
366
6
64
434
6
65
208
6
66
677
6
67
330
6
69
794
6
70
766
6
76
408
7
10
887
7
11
719
7
12
126
7
13
734
7
14
578
7
16
518
7
17
601
7
21
300
7
22
558
7
24
953
7
26
98
7
27
952
7
28
994
7
30
788
7
32
194
7
33
737
7
34
237
7
38
946
7
40
369
7
43
931
7
44
394
7
45
329
7
46
952
7
51
298
7
52
311
7
54
188
7
55
949
7
62
925
7
66
34
7
69
856
7
70
559
7
72
765
7
73
181
7
76
193
8
11
555
8
14
846
8
17
129
8
19
477
8
20
230
8
21
877
8
22
106
8
28
25
8
29
268
8
30
226
8
31
754
8
32
419
8
35
840
8
38
16
8
39
184
8
40
231
8
41
364
8
42
955
8
43
242
8
44
926
8
45
924
8
49
81
8
50
152
8
53
325
8
54
398
8
55
572
8
58
515
8
59
338
8
63
68
8
65
63
8
67
566
8
68
515
8
72
294
8
74
751
8
75
676
8
76
786
9
10
713
9
13
20
9
15
18
9
18
940
9
20
781
9
21
624
9
22
526
9
23
858
9
25
358
9
29
935
9
30
209
9
34
962
9
38
984
9
41
688
9
42
889
9
44
22
9
46
248
9
47
187
9
48
193
9
49
356
9
53
49
9
55
91
9
56
477
9
58
784
9
64
461
9
67
134
9
68
577
9
69
431
9
70
389
9
71
194
9
72
249
10
11
469
10
12
866
10
13
170
10
15
719
10
20
474
10
22
964
10
23
514
10
24
632
10
25
569
10
26
939
10
29
343
10
35
120
10
36
369
10
41
29
10
43
850
10
44
831
10
48
247
10
49
223
10
50
63
10
55
283
10
57
91
10
61
135
10
62
977
10
65
856
10
67
418
10
69
953
10
72
145
10
73
830
10
74
588
11
12
929
11
13
638
11
16
579
11
17
535
11
18
625
11
21
247
11
22
16
11
25
772
11
26
187
11
28
55
11
35
551
11
36
536
11
39
897
11
40
264
11
42
573
11
44
213
11
47
338
11
48
651
11
50
797
11
51
986
11
54
424
11
56
798
11
57
886
11
58
169
11
60
856
11
61
55
11
64
445
11
65
144
11
68
186
11
71
208
11
72
486
11
74
930
11
75
202
11
76
340
12
13
319
12
14
206
12
15
277
12
16
506
12
17
493
12
19
736
12
21
784
12
22
431
12
24
460
12
25
423
12
26
662
12
27
360
12
28
1
12
29
391
12
31
952
12
33
161
12
35
370
12
40
535
12
41
82
12
42
351
12
43
704
12
50
366
12
53
916
12
55
333
12
56
35
12
60
154
12
62
382
12
63
77
12
64
247
12
65
769
12
66
303
12
67
348
12
69
823
12
70
155
12
71
0
12
72
915
12
73
743
12
74
944
13
14
828
13
15
548
13
17
229
13
18
342
13
21
19
13
22
706
13
25
379
13
28
629
13
29
415
13
31
636
13
34
134
13
35
175
13
37
86
13
38
395
13
40
291
13
41
986
13
47
290
13
48
682
13
52
43
13
54
552
13
56
886
13
59
605
13
61
132
13
63
481
13
68
226
13
71
965
13
72
602
13
74
503
14
16
88
14
17
548
14
22
509
14
23
730
14
24
895
14
27
171
14
29
357
14
32
925
14
33
872
14
35
12
14
39
763
14
44
185
14
45
775
14
47
661
14
49
298
14
50
632
14
51
372
14
58
938
14
60
974
14
61
701
14
62
155
14
64
694
14
65
116
14
69
658
14
71
929
14
72
595
14
73
234
14
74
274
15
16
537
15
17
752
15
18
864
15
19
352
15
20
422
15
21
882
15
22
239
15
23
568
15
25
65
15
26
255
15
27
337
15
30
948
15
31
244
15
34
631
15
35
754
15
37
985
15
38
48
15
39
843
15
40
301
15
41
388
15
45
532
15
47
163
15
49
161
15
51
783
15
52
960
15
54
754
15
56
294
15
57
241
15
60
329
15
61
485
15
62
427
15
63
956
15
64
5
15
66
596
15
67
210
15
68
256
15
69
537
15
70
40
15
72
998
15
73
528
15
74
617
15
75
78
16
18
291
16
19
940
16
20
49
16
21
90
16
22
495
16
24
487
16
27
289
16
32
511
16
33
975
16
34
602
16
37
278
16
39
662
16
40
37
16
41
264
16
44
118
16
49
502
16
50
313
16
53
587
16
54
788
16
55
123
16
56
126
16
57
167
16
59
902
16
60
106
16
61
703
16
64
982
16
66
323
16
67
315
16
68
393
16
69
444
16
71
872
16
72
944
16
74
34
16
75
107
17
19
13
17
21
22
17
30
978
17
31
746
17
34
988
17
37
89
17
38
313
17
39
113
17
41
673
17
44
132
17
45
633
17
46
617
17
47
552
17
49
137
17
50
70
17
52
361
17
53
131
17
55
462
17
57
827
17
59
380
17
60
236
17
61
913
17
64
103
17
68
513
17
69
18
17
70
110
17
71
576
17
72
51
17
74
119
18
19
646
18
21
78
18
23
411
18
24
289
18
27
770
18
31
435
18
32
650
18
33
903
18
38
720
18
42
306
18
45
283
18
46
903
18
47
981
18
48
990
18
49
840
18
51
685
18
55
812
18
58
156
18
59
980
18
60
534
18
61
166
18
62
571
18
63
433
18
64
518
18
66
978
18
68
794
18
69
283
18
73
751
18
74
767
18
76
780
19
23
917
19
25
380
19
26
768
19
27
864
19
28
490
19
33
613
19
41
15
19
46
947
19
48
687
19
49
67
19
51
341
19
54
570
19
56
151
19
58
270
19
59
720
19
61
458
19
65
766
19
68
676
19
72
311
19
73
859
20
21
610
20
23
61
20
24
2
20
25
709
20
29
927
20
31
229
20
32
981
20
35
161
20
37
939
20
38
2
20
39
270
20
40
475
20
41
906
20
42
951
20
43
685
20
46
223
20
48
202
20
52
840
20
53
380
20
55
137
20
57
408
20
58
175
20
59
911
20
60
417
20
61
205
20
62
199
20
64
270
20
67
239
20
68
828
20
70
654
20
73
832
20
74
860
20
75
565
20
76
128
21
23
147
21
24
905
21
25
367
21
26
121
21
29
393
21
30
443
21
32
113
21
33
139
21
36
476
21
39
288
21
41
482
21
44
330
21
45
262
21
46
219
21
47
617
21
50
716
21
53
594
21
54
942
21
57
735
21
59
501
21
60
415
21
61
88
21
65
685
21
66
233
21
69
958
21
70
541
21
73
288
21
74
19
21
75
906
22
24
534
22
25
908
22
28
270
22
33
184
22
34
832
22
36
319
22
37
682
22
39
943
22
40
113
22
43
349
22
44
882
22
45
649
22
49
544
22
52
245
22
55
51
22
56
690
22
58
309
22
60
257
22
61
799
22
64
561
22
65
841
22
66
883
22
67
747
22
68
861
22
69
982
22
72
511
22
74
38
22
75
753
23
25
650
23
26
244
23
31
907
23
32
83
23
34
721
23
37
615
23
39
144
23
42
570
23
51
777
23
52
953
23
53
136
23
54
918
23
56
34
23
57
943
23
58
70
23
59
228
23
60
957
23
61
555
23
63
84
23
64
346
23
65
643
23
67
393
23
69
842
23
71
360
23
72
858
23
74
437
23
75
890
23
76
280
24
26
732
24
29
819
24
30
860
24
33
31
24
34
632
24
35
158
24
36
422
24
37
940
24
38
117
24
40
949
24
43
758
24
44
704
24
47
804
24
49
500
24
50
675
24
52
863
24
53
70
24
54
871
24
55
896
24
59
526
24
62
246
24
63
140
24
69
203
24
71
469
24
74
304
25
26
441
25
27
413
25
29
408
25
37
865
25
38
811
25
40
410
25
43
960
25
44
361
25
45
961
25
46
604
25
47
271
25
48
399
25
50
792
25
53
707
25
54
540
25
55
419
25
56
88
25
60
776
25
64
91
25
68
522
25
69
23
25
70
530
25
71
577
25
73
405
25
75
629
26
31
209
26
33
495
26
34
979
26
35
96
26
36
616
26
38
788
26
43
297
26
50
569
26
51
200
26
52
64
26
53
743
26
54
486
26
55
987
26
57
750
26
61
53
26
63
505
26
68
526
26
69
434
26
71
869
26
74
737
26
75
107
27
28
508
27
30
482
27
34
655
27
35
678
27
36
411
27
37
618
27
41
188
27
42
902
27
43
653
27
47
760
27
48
89
27
49
670
27
52
493
27
53
965
27
54
47
27
56
341
27
59
287
27
60
560
27
62
929
27
64
11
27
66
329
27
67
683
27
69
542
27
70
573
27
72
218
28
29
224
28
30
931
28
31
770
28
32
815
28
35
44
28
37
721
28
39
702
28
41
491
28
43
555
28
45
26
28
46
599
28
48
215
28
49
556
28
51
258
28
53
959
28
57
706
28
61
478
28
62
644
28
64
370
28
65
59
28
66
859
28
67
754
28
70
825
28
73
741
28
74
956
28
75
585
28
76
309
29
30
842
29
31
958
29
32
660
29
36
855
29
37
27
29
38
683
29
40
775
29
43
296
29
44
119
29
45
235
29
48
999
29
51
380
29
59
394
29
60
117
29
61
489
29
65
29
29
66
999
29
68
881
29
71
561
29
73
909
29
74
378
29
75
64
30
31
132
30
32
212
30
34
599
30
35
398
30
36
39
30
37
19
30
42
951
30
43
46
30
44
585
30
45
607
30
47
884
30
48
382
30
49
582
30
50
258
30
51
794
30
52
933
30
54
950
30
55
719
30
58
225
30
59
299
30
62
197
30
64
693
30
65
144
30
66
40
30
67
852
30
68
574
30
71
365
30
72
447
30
75
25
31
35
160
31
36
794
31
39
20
31
40
610
31
42
987
31
43
394
31
45
556
31
49
792
31
51
916
31
54
740
31
55
780
31
56
193
31
58
73
31
63
142
31
66
317
31
69
654
31
76
478
32
33
695
32
35
638
32
37
118
32
38
776
32
39
118
32
40
403
32
43
538
32
44
464
32
46
694
32
48
892
32
49
836
32
50
195
32
54
86
32
55
121
32
60
642
32
62
391
32
67
180
32
68
708
32
69
583
32
70
608
32
71
435
32
73
391
32
74
35
32
75
172
33
34
957
33
37
345
33
39
121
33
41
531
33
45
482
33
46
667
33
47
282
33
48
411
33
51
928
33
53
159
33
54
393
33
56
555
33
58
725
33
60
491
33
67
774
33
68
23
33
71
788
33
76
938
34
35
911
34
36
507
34
37
813
34
38
612
34
43
4
34
47
20
34
52
712
34
54
720
34
55
1
34
56
875
34
57
818
34
58
807
34
61
90
34
62
19
34
63
705
34
64
546
34
67
298
34
68
85
34
69
637
34
71
182
34
72
244
34
74
225
34
76
952
35
38
551
35
39
333
35
41
32
35
44
79
35
45
355
35
46
562
35
47
200
35
50
425
35
51
833
35
52
694
35
53
712
35
55
368
35
57
178
35
58
535
35
59
197
35
61
125
35
63
806
35
65
570
35
66
404
35
67
49
35
69
714
35
72
107
35
75
352
36
37
881
36
41
425
36
43
634
36
44
262
36
45
217
36
50
392
36
51
146
36
53
55
36
54
13
36
55
262
36
56
252
36
57
767
36
58
156
36
59
796
36
61
852
36
62
260
36
63
630
36
64
697
36
65
90
36
66
128
36
67
447
36
68
618
36
70
27
36
71
42
36
72
412
36
76
648
37
39
673
37
40
466
37
44
270
37
45
338
37
47
376
37
48
108
37
51
637
37
55
181
37
59
954
37
60
479
37
62
774
37
63
368
37
64
894
37
65
543
37
69
384
37
71
205
37
73
141
37
74
207
37
75
803
37
76
229
38
39
429
38
40
275
38
41
450
38
43
811
38
44
913
38
45
196
38
46
155
38
47
44
38
49
800
38
51
485
38
54
125
38
55
85
38
57
909
38
60
687
38
61
801
38
62
446
38
63
944
38
65
728
38
66
684
38
67
406
38
71
67
38
72
200
39
40
731
39
44
495
39
47
759
39
49
599
39
51
824
39
52
683
39
54
207
39
55
153
39
56
277
39
58
311
39
59
445
39
61
284
39
63
726
39
64
382
39
65
733
39
67
476
39
69
772
39
72
881
39
74
311
39
76
117
40
49
535
40
51
190
40
58
96
40
59
809
40
66
67
40
69
887
40
70
531
40
73
81
40
75
454
40
76
925
41
44
763
41
46
545
41
48
689
41
49
236
41
51
613
41
53
568
41
57
422
41
62
232
41
63
108
41
65
61
41
69
705
41
72
544
41
76
117
42
43
297
42
44
785
42
47
314
42
50
260
42
55
416
42
56
449
42
57
96
42
58
78
42
61
337
42
62
242
42
63
426
42
64
497
42
67
465
42
68
436
42
69
52
42
72
385
42
74
82
42
75
476
43
44
489
43
46
284
43
50
522
43
52
352
43
53
831
43
54
624
43
57
65
43
59
753
43
60
13
43
61
483
43
64
971
43
66
160
43
67
210
43
68
491
43
70
360
43
72
748
43
73
672
43
74
496
44
45
48
44
46
979
44
47
970
44
48
687
44
49
978
44
50
799
44
53
417
44
55
128
44
57
870
44
61
915
44
63
645
44
64
586
44
65
146
44
66
462
44
71
242
44
72
549
44
73
723
44
75
367
45
46
833
45
48
96
45
49
980
45
51
186
45
54
648
45
58
420
45
59
43
45
60
817
45
63
669
45
64
217
45
65
722
45
66
527
45
67
983
45
68
351
45
69
523
45
70
561
45
75
325
45
76
856
46
47
680
46
49
622
46
50
20
46
51
917
46
52
362
46
54
616
46
55
914
46
56
582
46
57
888
46
59
451
46
60
24
46
62
229
46
64
627
46
70
254
46
73
104
46
75
861
47
49
631
47
52
808
47
53
924
47
55
223
47
57
789
47
58
797
47
59
823
47
60
5
47
65
134
47
67
521
47
68
399
47
70
723
47
72
114
47
74
804
48
49
67
48
50
371
48
51
283
48
53
78
48
54
249
48
55
8
48
56
931
48
57
365
48
62
652
48
64
653
48
66
429
48
67
276
48
69
372
48
72
678
48
75
299
48
76
174
49
52
54
49
53
887
49
54
148
49
56
572
49
57
86
49
58
412
49
60
376
49
61
556
49
63
890
49
72
705
49
75
854
49
76
691
50
51
305
50
52
187
50
53
749
50
54
187
50
56
875
50
57
310
50
59
362
50
60
328
50
63
283
50
65
297
50
68
387
50
69
87
50
72
730
50
73
375
50
74
161
50
75
489
51
53
982
51
55
999
51
57
227
51
58
231
51
60
403
51
62
206
51
63
88
51
64
150
51
67
776
51
68
955
51
69
325
51
71
29
51
73
861
51
74
924
51
76
641
52
53
252
52
55
476
52
56
303
52
57
172
52
58
903
52
59
974
52
60
659
52
61
767
52
62
91
52
67
991
52
68
592
52
69
424
52
70
121
52
72
565
53
55
228
53
56
676
53
58
201
53
59
244
53
60
208
53
61
947
53
64
864
53
65
182
53
66
682
53
70
286
53
71
469
53
72
97
54
55
36
54
56
508
54
58
720
54
60
809
54
63
405
54
64
686
54
65
677
54
68
152
54
71
615
54
73
15
54
75
712
55
56
203
55
57
697
55
58
312
55
59
40
55
65
407
55
67
685
55
68
395
55
69
977
55
70
883
56
58
452
56
59
606
56
60
780
56
61
712
56
63
305
56
65
418
56
67
458
56
68
199
56
72
12
56
76
845
57
60
250
57
62
777
57
63
288
57
67
685
57
69
79
57
72
885
57
73
494
57
75
758
58
60
461
58
62
733
58
64
579
58
66
29
58
67
549
58
69
874
58
70
304
58
71
318
58
74
943
59
61
794
59
66
352
59
69
931
59
70
271
59
71
191
59
72
192
59
74
14
59
75
387
59
76
633
60
61
506
60
70
954
60
74
36
61
63
342
61
65
258
61
66
532
61
67
772
61
72
777
61
76
93
62
64
199
62
69
959
62
71
713
62
72
830
62
74
289
62
75
429
63
64
548
63
71
403
63
72
320
63
74
294
63
76
684
64
67
656
64
68
841
64
69
287
64
70
40
64
71
514
64
74
626
64
76
28
65
66
70
65
69
886
65
70
238
65
71
438
65
72
416
65
73
243
65
75
217
66
68
263
66
69
812
66
70
781
66
72
925
66
73
36
66
74
984
66
75
516
67
68
820
67
71
323
67
73
70
67
74
653
67
76
518
68
69
124
68
70
620
68
74
975
68
76
646
69
71
165
69
72
336
69
74
600
69
75
440
70
71
120
70
72
730
70
74
377
71
75
886
71
76
984
72
73
418
72
75
576
72
76
884
73
76
372
74
75
931
75
76
628

