47
568
0
1
456
0
2
6
0
3
134
0
5
845
0
6
205
0
7
855
0
10
421
0
11
989
0
14
360
0
15
702
0
16
561
0
17
959
0
19
707
0
20
489
0
25
613
0
27
649
0
28
94
0
29
315
0
31
117
0
35
530
0
37
638
0
38
144
0
39
297
0
40
956
0
42
693
0
43
86
0
44
334
0
45
793
1
2
483
1
3
955
1
4
457
1
5
880
1
6
21
1
7
561
1
8
478
1
10
655
1
12
958
1
13
385
1
15
104
1
18
19
1
20
156
1
22
359
1
25
218
1
28
902
1
29
476
1
30
514
1
31
117
1
33
80
1
34
480
1
35
815
1
38
403
1
39
257
1
41
176
1
43
30
1
46
563
2
3
382
2
4
103
2
5
485
2
7
318
2
8
330
2
9
279
2
12
171
2
14
266
2
15
295
2
17
303
2
21
904
2
23
100
2
25
13
2
29
148
2
32
684
2
38
476
2
39
241
2
40
142
2
41
357
2
43
347
2
44
82
2
45
997
2
46
484
3
5
704
3
11
953
3
12
707
3
13
290
3
16
348
3
18
183
3
20
676
3
25
511
3
27
50
3
28
268
3
30
539
3
32
276
3
33
795
3
34
836
3
35
343
3
36
114
3
37
224
3
38
276
3
39
302
3
41
618
3
42
905
3
43
630
3
44
136
3
46
558
4
6
303
4
12
545
4
16
471
4
17
199
4
25
789
4
27
493
4
28
573
4
31
73
4
33
172
4
34
525
4
35
199
4
37
124
4
39
759
4
40
917
4
41
577
4
43
621
5
7
84
5
8
358
5
12
426
5
13
916
5
14
124
5
17
816
5
19
209
5
22
599
5
23
844
5
26
248
5
29
864
5
33
887
5
34
69
5
36
706
5
37
512
5
38
33
5
41
706
5
45
297
5
46
70
6
7
527
6
10
192
6
11
220
6
16
204
6
17
704
6
18
978
6
20
459
6
21
459
6
22
302
6
26
645
6
28
555
6
29
551
6
30
838
6
32
809
6
33
573
6
34
499
6
35
926
6
36
706
6
37
638
6
41
575
6
43
122
6
44
222
6
45
346
6
46
383
7
11
727
7
12
200
7
14
235
7
15
726
7
18
579
7
20
156
7
23
201
7
25
179
7
26
276
7
27
404
7
32
842
7
33
355
7
36
785
7
38
162
7
43
524
7
44
999
8
9
102
8
11
287
8
14
679
8
15
895
8
16
164
8
18
27
8
20
705
8
21
270
8
22
424
8
23
606
8
24
853
8
25
600
8
26
467
8
27
110
8
28
276
8
33
794
8
35
986
8
39
482
8
41
462
8
42
225
8
43
654
8
44
15
8
46
138
9
10
886
9
18
446
9
21
544
9
24
956
9
31
881
9
32
868
9
33
116
9
35
199
9
36
947
9
37
174
9
38
699
9
40
972
9
45
136
10
11
742
10
12
424
10
13
721
10
18
564
10
21
828
10
23
230
10
24
109
10
25
373
10
26
793
10
27
844
10
28
451
10
29
882
10
32
576
10
33
298
10
34
198
10
36
82
10
40
929
10
44
761
10
45
396
11
12
520
11
13
405
11
16
238
11
17
957
11
18
798
11
19
793
11
23
119
11
27
301
11
28
440
11
29
996
11
30
633
11
32
600
11
33
194
11
34
235
11
36
506
11
37
462
11
41
284
11
42
920
11
45
882
12
15
544
12
21
909
12
22
15
12
23
647
12
24
930
12
25
670
12
28
545
12
30
1
12
31
200
12
32
64
12
33
987
12
34
227
12
35
134
12
36
256
12
37
121
12
39
540
12
43
491
12
44
122
12
45
312
13
14
109
13
18
822
13
23
693
13
24
882
13
25
347
13
30
988
13
31
685
13
35
221
13
37
663
13
38
944
13
39
110
13
40
86
13
44
444
13
45
316
13
46
384
14
15
258
14
16
328
14
17
638
14
19
30
14
20
469
14
21
983
14
25
95
14
29
403
14
31
934
14
36
365
14
38
688
14
40
815
14
45
627
14
46
315
15
16
998
15
18
494
15
20
625
15
23
68
15
24
929
15
25
466
15
30
743
15
31
63
15
32
351
15
35
154
15
36
27
15
37
175
15
39
518
15
40
35
15
42
5
15
43
458
15
44
609
16
18
670
16
24
99
16
26
351
16
27
914
16
32
378
16
33
828
16
38
836
16
42
689
16
43
956
16
45
553
16
46
247
17
18
36
17
22
460
17
23
249
17
24
627
17
25
176
17
26
481
17
30
452
17
31
869
17
32
894
17
34
831
17
35
554
17
36
47
17
38
930
17
39
72
17
40
893
17
42
676
17
43
784
17
45
130
18
19
492
18
25
45
18
27
400
18
29
568
18
31
330
18
32
532
18
35
268
18
36
443
18
37
630
18
39
192
18
40
654
18
41
810
18
44
76
19
20
64
19
21
24
19
22
535
19
25
756
19
29
811
19
30
974
19
31
116
19
33
657
19
36
807
19
37
166
19
39
173
19
40
125
19
42
993
19
43
988
19
44
608
19
46
579
20
21
917
20
25
911
20
27
475
20
29
893
20
31
221
20
32
920
20
35
573
20
36
191
20
37
807
20
40
548
20
41
728
20
42
716
20
44
882
20
45
848
20
46
677
21
25
719
21
26
130
21
31
444
21
37
392
21
38
140
21
40
405
21
43
675
21
45
589
21
46
625
22
29
692
22
30
65
22
31
883
22
37
631
22
40
638
22
41
814
22
43
321
22
44
757
22
45
233
22
46
243
23
26
231
23
27
687
23
34
346
23
37
194
23
39
805
23
42
907
23
44
463
23
45
83
24
25
817
24
26
828
24
28
476
24
31
452
24
32
501
24
33
914
24
34
107
24
35
961
24
36
0
24
40
298
24
41
751
24
42
276
24
45
254
25
27
418
25
28
58
25
30
855
25
32
970
25
35
544
25
36
917
25
37
719
25
38
467
25
39
83
25
40
385
25
41
763
25
42
636
25
43
418
25
44
676
25
45
966
26
27
385
26
29
148
26
30
446
26
32
537
26
33
607
26
35
472
26
39
580
26
40
444
26
43
619
26
44
541
27
28
780
27
29
110
27
30
334
27
32
188
27
33
858
27
34
572
27
35
695
27
40
549
27
41
491
27
42
134
27
43
217
27
44
472
27
45
576
28
30
272
28
31
766
28
36
430
28
37
949
28
38
632
28
41
173
28
42
694
28
44
42
28
45
75
28
46
824
29
30
803
29
32
514
29
33
749
29
34
537
29
37
286
29
40
771
29
41
752
29
42
62
29
43
697
29
44
821
29
45
140
30
31
682
30
35
372
30
38
542
30
41
913
30
42
886
30
43
515
30
44
693
31
33
217
31
34
952
31
36
551
31
37
253
31
39
601
31
40
331
31
41
348
31
42
157
31
46
113
32
34
703
32
35
259
32
36
942
32
37
850
32
38
562
32
40
209
32
41
316
32
42
432
32
43
591
32
44
208
32
45
592
33
34
632
33
35
326
33
37
924
33
38
485
33
39
403
33
40
181
33
43
473
33
44
587
34
37
603
34
38
733
34
39
259
34
42
256
34
44
518
34
45
351
34
46
285
35
43
933
35
45
553
36
37
201
36
38
910
36
41
360
36
43
415
36
44
564
36
45
153
37
38
446
37
41
642
37
42
736
37
43
685
37
44
156
37
46
241
38
42
66
38
43
308
38
45
861
39
40
595
39
41
764
39
42
751
39
44
454
39
45
658
40
41
438
40
42
714
40
43
744
40
45
275
40
46
68
41
44
476
41
45
894
41
46
862
42
43
831
42
44
778
42
45
264
42
46
73
43
44
345
43
46
565
44
46
727
45
46
617

